shape_id,shape_pt_lat,shape_pt_lon,shape_pt_sequence,shape_dist_traveled
S3,-26.108369,28.057163,1,
S3,-26.108034,28.057722,2,
S3,-26.106123,28.060443,3,
S3,-26.105535,28.060728,4,
S3,-26.104768,28.060756,5,
S3,-26.104283,28.060528,6,
S3,-26.103516,28.060101,7,
S3,-26.100525,28.058706,8,
S3,-26.09733,28.05714,9,
S3,-26.095157,28.056115,10,
S3,-26.094697,28.056001,11,
S3,-26.094084,28.055944,12,
S3,-26.093485,28.056133,13,
S3,-26.092386,28.056446,14,
S3,-26.090137,28.057129,15,
S3,-26.081037,28.062137,16,
S3,-26.076018,28.064787,17,
S3,-26.07543,28.064987,18,
S3,-26.074996,28.065062,19,
S3,-26.074654,28.065071,20,
S3,-26.074231,28.06498,21,
S3,-26.073776,28.064899,22,
S3,-26.073491,28.06479,23,
S3,-26.073125,28.064618,24,
S3,-26.072328,28.064265,25,
S3,-26.069123,28.062851,26,
S3,-26.068473,28.062667,27,
S3,-26.067953,28.06245,28,
S3,-26.067221,28.062169,29,
S3,-26.066895,28.061933,30,
S3,-26.066489,28.06177,31,
S3,-26.063357,28.060376,32,
S3,-26.061009,28.059416,33,
S3,-26.060708,28.059343,34,
S3,-26.060431,28.059298,35,
S3,-26.058006,28.059124,36,
S3,-26.056525,28.059015,37,
S3,-26.054255,28.058877,38,
S3,-26.052856,28.058813,39,
S3,-26.051359,28.058668,40,
S3,-26.048777,28.058537,41,
S3,-26.048663,28.058546,42,
S3,-26.048606,28.058672,43,
S3,-26.048598,28.058908,44,
S3,-26.048541,28.061253,45,
S3,-26.048638,28.061271,46,
S3,-26.054438,28.061621,47,
S3,-26.054536,28.05904,48,
S3,-26.05751,28.059227,49,
S3,-26.058869,28.059291,50,
S3,-26.060024,28.059354,51,
S3,-26.060268,28.059363,52,
S3,-26.060553,28.059436,53,
S3,-26.06071,28.059449,54,
S3,-26.061133,28.059584,55,
S3,-26.065989,28.061677,56,
S3,-26.067201,28.062245,57,
S3,-26.06847,28.062752,58,
S3,-26.070935,28.063785,59,
S3,-26.072082,28.064274,60,
S3,-26.07296,28.064656,61,
S3,-26.073301,28.06481,62,
S3,-26.07374,28.064955,63,
S3,-26.074204,28.065064,64,
S3,-26.07479,28.065181,65,
S3,-26.07518,28.065172,66,
S3,-26.075579,28.0651,67,
S3,-26.075985,28.06491,68,
S3,-26.076596,28.064602,69,
S3,-26.080419,28.062573,70,
S3,-26.082518,28.061441,71,
S3,-26.089309,28.05775,72,
S3,-26.089952,28.057379,73,
S3,-26.090432,28.057234,74,
S3,-26.090961,28.057035,75,
S3,-26.091755,28.056799,76,
S3,-26.093593,28.056265,77,
S3,-26.09409,28.056147,78,
S3,-26.09435,28.056147,79,
S3,-26.094765,28.056147,80,
S3,-26.095139,28.056292,81,
S3,-26.0957,28.056509,82,
S3,-26.095985,28.056699,83,
S3,-26.102199,28.059699,84,
S3,-26.10352,28.06031,85,
S3,-26.104154,28.060663,86,
S3,-26.10478,28.060971,87,
S3,-26.10513,28.061025,88,
S3,-26.105415,28.060989,89,
S3,-26.105821,28.060844,90,
S3,-26.105984,28.060717,91,
S3,-26.106261,28.0605,92,
S3,-26.106399,28.060346,93,
S3,-26.107641,28.058417,94,
S3,-26.107861,28.058363,95,
S3,-26.108089,28.058499,96,
S3,-26.1083,28.058798,97,
S3,-26.108577,28.05916,98,
S3,-26.108813,28.059396,99,
S3,-26.108935,28.059514,100,
S3,-26.109,28.059387,101,
S3,-26.109537,28.058454,102,
S3,-26.110041,28.057883,103,
S3,-26.110187,28.057738,104,
S3,-26.109618,28.057068,105,
S3,-26.109333,28.056597,106,
S3,-26.109041,28.056189,107,
S3,-26.108675,28.056723,108,
S3,-26.108369,28.05716,109,
S2,-26.108368,28.057163,1,
S2,-26.108239,28.057361,2,
S2,-26.1079,28.057871,3,
S2,-26.107743,28.058114,4,
S2,-26.108699,28.059276,5,
S2,-26.108827,28.05941,6,
S2,-26.10861,28.059856,7,
S2,-26.108176,28.060895,8,
S2,-26.107666,28.062216,9,
S2,-26.107378,28.062934,10,
S2,-26.106401,28.065281,11,
S2,-26.106183,28.065833,12,
S2,-26.105741,28.066816,13,
S2,-26.105411,28.06746,14,
S2,-26.10499,28.068476,15,
S2,-26.104692,28.069229,16,
S2,-26.104334,28.070142,17,
S2,-26.104096,28.07067,18,
S2,-26.103892,28.071051,19,
S2,-26.103671,28.07141,20,
S2,-26.103467,28.071633,21,
S2,-26.10306,28.071998,22,
S2,-26.102493,28.072531,23,
S2,-26.102018,28.072926,24,
S2,-26.101831,28.073023,25,
S2,-26.101545,28.073135,26,
S2,-26.101129,28.073225,27,
S2,-26.100858,28.073315,28,
S2,-26.100648,28.073427,29,
S2,-26.100474,28.073576,30,
S2,-26.100297,28.073809,31,
S2,-26.100161,28.074102,32,
S2,-26.100031,28.074439,33,
S2,-26.099697,28.075264,34,
S2,-26.097999,28.079471,35,
S2,-26.097678,28.080271,36,
S2,-26.097308,28.081143,37,
S2,-26.096881,28.081836,38,
S2,-26.096383,28.0823,39,
S2,-26.095745,28.082617,40,
S2,-26.095309,28.082692,41,
S2,-26.094989,28.082699,42,
S2,-26.094551,28.082621,43,
S2,-26.094251,28.082476,44,
S2,-26.093845,28.082221,45,
S2,-26.093495,28.081803,46,
S2,-26.093218,28.081304,47,
S2,-26.092934,28.080824,48,
S2,-26.092603,28.080306,49,
S2,-26.092392,28.080087,50,
S2,-26.092132,28.079864,51,
S2,-26.091751,28.079659,52,
S2,-26.091215,28.079453,53,
S2,-26.09038,28.079282,54,
S2,-26.090103,28.079237,55,
S2,-26.090028,28.079178,56,
S2,-26.089986,28.079067,57,
S2,-26.089961,28.078853,58,
S2,-26.089986,28.078627,59,
S2,-26.090044,28.078341,60,
S2,-26.090153,28.077999,61,
S2,-26.090182,28.077445,62,
S2,-26.09019,28.07706,63,
S2,-26.090197,28.076633,64,
S2,-26.090013,28.076198,65,
S2,-26.089762,28.075978,66,
S2,-26.089495,28.07592,67,
S2,-26.089255,28.075922,68,
S2,-26.088858,28.07593,69,
S2,-26.088455,28.075925,70,
S2,-26.088435,28.077419,71,
S2,-26.08844,28.078188,72,
S2,-26.088516,28.078398,73,
S2,-26.088739,28.078494,74,
S2,-26.088964,28.078503,75,
S2,-26.089188,28.078495,76,
S2,-26.089449,28.078491,77,
S2,-26.089663,28.078543,78,
S2,-26.089846,28.078605,79,
S2,-26.089929,28.078674,80,
S2,-26.089918,28.078788,81,
S2,-26.089934,28.078973,82,
S2,-26.089933,28.079141,83,
S2,-26.089932,28.07923,84,
S2,-26.089941,28.07943,85,
S2,-26.090874,28.079506,86,
S2,-26.091353,28.079607,87,
S2,-26.091963,28.079915,88,
S2,-26.092422,28.08031,89,
S2,-26.092653,28.080586,90,
S2,-26.092864,28.080887,91,
S2,-26.093031,28.081196,92,
S2,-26.093309,28.081753,93,
S2,-26.09363,28.082192,94,
S2,-26.094064,28.08254,95,
S2,-26.094384,28.082678,96,
S2,-26.094876,28.082832,97,
S2,-26.095323,28.082832,98,
S2,-26.095701,28.082754,99,
S2,-26.096059,28.082594,100,
S2,-26.09636,28.082442,101,
S2,-26.096744,28.082096,102,
S2,-26.096974,28.081821,103,
S2,-26.097261,28.081403,104,
S2,-26.097875,28.079969,105,
S2,-26.098501,28.078418,106,
S2,-26.098682,28.077972,107,
S2,-26.099258,28.076547,108,
S2,-26.100017,28.074574,109,
S2,-26.100187,28.074175,110,
S2,-26.10032,28.073866,111,
S2,-26.100461,28.073665,112,
S2,-26.100611,28.07352,113,
S2,-26.100795,28.073426,114,
S2,-26.101021,28.073346,115,
S2,-26.101418,28.073245,116,
S2,-26.101753,28.073154,117,
S2,-26.101961,28.073094,118,
S2,-26.102232,28.072883,119,
S2,-26.102494,28.072641,120,
S2,-26.102829,28.072349,121,
S2,-26.10319,28.072017,122,
S2,-26.103395,28.071832,123,
S2,-26.103642,28.071598,124,
S2,-26.103865,28.071349,125,
S2,-26.104191,28.070765,126,
S2,-26.104381,28.070342,127,
S2,-26.105556,28.067463,128,
S2,-26.105836,28.06692,129,
S2,-26.10608,28.066336,130,
S2,-26.106936,28.064343,131,
S2,-26.108499,28.060417,132,
S2,-26.108823,28.059672,133,
S2,-26.108931,28.059421,134,
S2,-26.109196,28.058969,135,
S2,-26.109527,28.05843,136,
S2,-26.110114,28.057823,137,
S2,-26.110211,28.057769,138,
S2,-26.110106,28.057598,139,
S2,-26.10984,28.057285,140,
S2,-26.109591,28.056971,141,
S2,-26.109413,28.056675,142,
S2,-26.10914,28.056262,143,
S2,-26.109043,28.056137,144,
S2,-26.108372,28.05716,145,
S5,-26.108366,28.057164,1,
S5,-26.107158,28.058949,2,
S5,-26.106493,28.060039,3,
S5,-26.106387,28.060179,4,
S5,-26.106253,28.060335,5,
S5,-26.106017,28.060551,6,
S5,-26.106014,28.060556,7,
S5,-26.105756,28.060675,8,
S5,-26.105643,28.06072,9,
S5,-26.105485,28.060764,10,
S5,-26.105289,28.060785,11,
S5,-26.105118,28.060787,12,
S5,-26.104945,28.060798,13,
S5,-26.104855,28.060781,14,
S5,-26.104708,28.060753,15,
S5,-26.104501,28.06066,16,
S5,-26.1039,28.060362,17,
S5,-26.102931,28.059891,18,
S5,-26.101857,28.059369,19,
S5,-26.101207,28.059069,20,
S5,-26.098275,28.057616,21,
S5,-26.098205,28.057392,22,
S5,-26.098911,28.055368,23,
S5,-26.099877,28.052773,24,
S5,-26.100099,28.052432,25,
S5,-26.100229,28.052152,26,
S5,-26.100882,28.050456,27,
S5,-26.100553,28.050263,28,
S5,-26.099768,28.050124,29,
S5,-26.099365,28.050291,30,
S5,-26.098912,28.050488,31,
S5,-26.09799,28.050772,32,
S5,-26.095007,28.051877,33,
S5,-26.094889,28.051798,34,
S5,-26.093292,28.050996,35,
S5,-26.09286,28.050773,36,
S5,-26.091537,28.050119,37,
S5,-26.091248,28.049973,38,
S5,-26.091083,28.049834,39,
S5,-26.090682,28.049427,40,
S5,-26.090055,28.048752,41,
S5,-26.089783,28.04849,42,
S5,-26.089546,28.048241,43,
S5,-26.088815,28.047672,44,
S5,-26.087372,28.046627,45,
S5,-26.086963,28.046304,46,
S5,-26.086854,28.04658,47,
S5,-26.086771,28.046877,48,
S5,-26.086525,28.047378,49,
S5,-26.084968,28.050276,50,
S5,-26.084495,28.051193,51,
S5,-26.084438,28.05119,52,
S5,-26.084273,28.051206,53,
S5,-26.084114,28.051183,54,
S5,-26.083927,28.05111,55,
S5,-26.083323,28.050911,56,
S5,-26.082504,28.050554,57,
S5,-26.082165,28.050399,58,
S5,-26.079256,28.049123,59,
S5,-26.078245,28.048682,60,
S5,-26.077838,28.048449,61,
S5,-26.077417,28.048226,62,
S5,-26.076962,28.047966,63,
S5,-26.07659,28.047749,64,
S5,-26.07639,28.047537,65,
S5,-26.076241,28.047386,66,
S5,-26.076158,28.047254,67,
S5,-26.076021,28.04704,68,
S5,-26.075576,28.04627,69,
S5,-26.075331,28.045853,70,
S5,-26.07504,28.045281,71,
S5,-26.074821,28.044895,72,
S5,-26.074341,28.043769,73,
S5,-26.073934,28.042526,74,
S5,-26.07375,28.041501,75,
S5,-26.07366,28.040049,76,
S5,-26.07369,28.038883,77,
S5,-26.073621,28.038378,78,
S5,-26.073472,28.037974,79,
S5,-26.073355,28.037784,80,
S5,-26.073284,28.037635,81,
S5,-26.073271,28.037522,82,
S5,-26.073311,28.037406,83,
S5,-26.073332,28.037341,84,
S5,-26.073375,28.03729,85,
S5,-26.073419,28.037246,86,
S5,-26.073493,28.037158,87,
S5,-26.073526,28.03708,88,
S5,-26.073561,28.03695,89,
S5,-26.073646,28.036713,90,
S5,-26.074388,28.033459,91,
S5,-26.074988,28.031136,92,
S5,-26.075672,28.028163,93,
S5,-26.07583,28.027483,94,
S5,-26.07579,28.026729,95,
S5,-26.075693,28.026341,96,
S5,-26.075678,28.026275,97,
S5,-26.074448,28.02651,98,
S5,-26.073196,28.026581,99,
S5,-26.07244,28.026523,100,
S5,-26.071733,28.026415,101,
S5,-26.071258,28.026286,102,
S5,-26.067617,28.025272,103,
S5,-26.058197,28.022855,104,
S5,-26.057513,28.022629,105,
S5,-26.056851,28.022431,106,
S5,-26.055679,28.022115,107,
S5,-26.053231,28.021344,108,
S5,-26.051576,28.021096,109,
S5,-26.050963,28.021032,110,
S5,-26.049182,28.020825,111,
S5,-26.048794,28.020747,112,
S5,-26.04821,28.020539,113,
S5,-26.047415,28.020268,114,
S5,-26.046934,28.020013,115,
S5,-26.046452,28.019713,116,
S5,-26.046024,28.019448,117,
S5,-26.045549,28.019028,118,
S5,-26.045153,28.018711,119,
S5,-26.044838,28.01832,120,
S5,-26.042772,28.015874,121,
S5,-26.041848,28.01499,122,
S5,-26.041508,28.014755,123,
S5,-26.041168,28.014514,124,
S5,-26.037812,28.012443,125,
S5,-26.036714,28.011755,126,
S5,-26.034819,28.010689,127,
S5,-26.03415,28.010378,128,
S5,-26.03354,28.01009,129,
S5,-26.032744,28.009859,130,
S5,-26.03197,28.009642,131,
S5,-26.031058,28.009498,132,
S5,-26.030174,28.009532,133,
S5,-26.028363,28.009383,134,
S5,-26.026993,28.009281,135,
S5,-26.026723,28.009262,136,
S5,-26.026152,28.01137,137,
S5,-26.026028,28.011508,138,
S5,-26.025934,28.011642,139,
S5,-26.02598,28.011816,140,
S5,-26.02601,28.011949,141,
S5,-26.025979,28.012613,142,
S5,-26.025986,28.012877,143,
S5,-26.026089,28.013272,144,
S5,-26.026183,28.013586,145,
S5,-26.026189,28.013732,146,
S5,-26.026187,28.01391,147,
S5,-26.026281,28.014073,148,
S5,-26.026399,28.014098,149,
S5,-26.026494,28.014083,150,
S5,-26.026582,28.013976,151,
S5,-26.026598,28.013864,152,
S5,-26.026601,28.013792,153,
S5,-26.026551,28.01371,154,
S5,-26.026424,28.013638,155,
S5,-26.026332,28.013567,156,
S5,-26.026249,28.013405,157,
S5,-26.026194,28.013165,158,
S5,-26.026124,28.012832,159,
S5,-26.026111,28.012567,160,
S5,-26.026113,28.012396,161,
S5,-26.026126,28.012199,162,
S5,-26.026132,28.012061,163,
S5,-26.026184,28.011945,164,
S5,-26.026288,28.011871,165,
S5,-26.02635,28.011788,166,
S5,-26.026342,28.011563,167,
S5,-26.026315,28.01149,168,
S5,-26.026285,28.011363,169,
S5,-26.026321,28.011206,170,
S5,-26.026613,28.010146,171,
S5,-26.026901,28.009673,172,
S5,-26.027059,28.009569,173,
S5,-26.027272,28.009573,174,
S5,-26.027438,28.009581,175,
S5,-26.027615,28.00959,176,
S5,-26.027888,28.009571,177,
S5,-26.027906,28.009572,178,
S5,-26.0281,28.009601,179,
S5,-26.029442,28.009728,180,
S5,-26.030058,28.009726,181,
S5,-26.031041,28.009707,182,
S5,-26.031749,28.009775,183,
S5,-26.03226,28.009887,184,
S5,-26.032904,28.010097,185,
S5,-26.033571,28.010289,186,
S5,-26.033589,28.010303,187,
S5,-26.034368,28.010659,188,
S5,-26.036561,28.011837,189,
S5,-26.039188,28.013456,190,
S5,-26.040406,28.014243,191,
S5,-26.041736,28.015072,192,
S5,-26.042215,28.015464,193,
S5,-26.042439,28.015634,194,
S5,-26.042585,28.015832,195,
S5,-26.042708,28.015997,196,
S5,-26.042843,28.016188,197,
S5,-26.044591,28.018277,198,
S5,-26.04538,28.019128,199,
S5,-26.045757,28.019416,200,
S5,-26.046321,28.019827,201,
S5,-26.046772,28.0201,202,
S5,-26.047242,28.020355,203,
S5,-26.047615,28.020512,204,
S5,-26.048412,28.020802,205,
S5,-26.049062,28.020993,206,
S5,-26.049538,28.021083,207,
S5,-26.049959,28.021078,208,
S5,-26.049977,28.021079,209,
S5,-26.050385,28.021112,210,
S5,-26.05078,28.021139,211,
S5,-26.050798,28.021146,212,
S5,-26.051293,28.021218,213,
S5,-26.05283,28.021459,214,
S5,-26.053179,28.02149,215,
S5,-26.053342,28.021551,216,
S5,-26.053518,28.021599,217,
S5,-26.053693,28.021654,218,
S5,-26.053741,28.021656,219,
S5,-26.055491,28.022241,220,
S5,-26.056677,28.022643,221,
S5,-26.057257,28.022818,222,
S5,-26.057688,28.022853,223,
S5,-26.058434,28.023016,224,
S5,-26.058755,28.023118,225,
S5,-26.060655,28.023661,226,
S5,-26.061988,28.024041,227,
S5,-26.064191,28.02459,228,
S5,-26.069652,28.026091,229,
S5,-26.070633,28.026375,230,
S5,-26.071824,28.026671,231,
S5,-26.072567,28.02677,232,
S5,-26.073274,28.026779,233,
S5,-26.073587,28.026812,234,
S5,-26.074021,28.026791,235,
S5,-26.074424,28.026741,236,
S5,-26.074931,28.026644,237,
S5,-26.075455,28.026521,238,
S5,-26.075613,28.026494,239,
S5,-26.075754,28.027098,240,
S5,-26.075786,28.027308,241,
S5,-26.075783,28.027476,242,
S5,-26.075754,28.027647,243,
S5,-26.075705,28.027862,244,
S5,-26.075601,28.028243,245,
S5,-26.074834,28.031449,246,
S5,-26.074488,28.032816,247,
S5,-26.073927,28.035195,248,
S5,-26.073544,28.036882,249,
S5,-26.07347,28.037074,250,
S5,-26.073368,28.037197,251,
S5,-26.073254,28.037313,252,
S5,-26.073215,28.037365,253,
S5,-26.073212,28.037439,254,
S5,-26.073216,28.037507,255,
S5,-26.073219,28.037575,256,
S5,-26.07324,28.037643,257,
S5,-26.073262,28.037705,258,
S5,-26.073346,28.037891,259,
S5,-26.07339,28.037988,260,
S5,-26.073436,28.038065,261,
S5,-26.073536,28.038334,262,
S5,-26.073578,28.038627,263,
S5,-26.073629,28.039014,264,
S5,-26.073635,28.039318,265,
S5,-26.07363,28.039588,266,
S5,-26.073633,28.040263,267,
S5,-26.073686,28.041204,268,
S5,-26.073811,28.042216,269,
S5,-26.074088,28.043155,270,
S5,-26.074781,28.044898,271,
S5,-26.075347,28.046034,272,
S5,-26.07611,28.047308,273,
S5,-26.076328,28.047596,274,
S5,-26.076452,28.047697,275,
S5,-26.076639,28.047855,276,
S5,-26.076829,28.047952,277,
S5,-26.078058,28.04864,278,
S5,-26.081052,28.050006,279,
S5,-26.08326,28.050973,280,
S5,-26.083816,28.051176,281,
S5,-26.084127,28.05128,282,
S5,-26.084266,28.051293,283,
S5,-26.084489,28.051339,284,
S5,-26.084563,28.051288,285,
S5,-26.08616,28.048195,286,
S5,-26.086554,28.047446,287,
S5,-26.086731,28.047124,288,
S5,-26.086816,28.046831,289,
S5,-26.086944,28.04652,290,
S5,-26.086979,28.0464,291,
S5,-26.087033,28.04641,292,
S5,-26.087167,28.046538,293,
S5,-26.087686,28.046911,294,
S5,-26.088805,28.047724,295,
S5,-26.089493,28.048265,296,
S5,-26.089674,28.048429,297,
S5,-26.089853,28.048641,298,
S5,-26.090082,28.048828,299,
S5,-26.090169,28.048941,300,
S5,-26.090338,28.049104,301,
S5,-26.090558,28.049359,302,
S5,-26.090773,28.049602,303,
S5,-26.090999,28.049843,304,
S5,-26.091223,28.050023,305,
S5,-26.091377,28.050091,306,
S5,-26.09481,28.05192,307,
S5,-26.094824,28.052009,308,
S5,-26.09495,28.052062,309,
S5,-26.09497,28.052016,310,
S5,-26.095051,28.051953,311,
S5,-26.095157,28.051884,312,
S5,-26.098153,28.050766,313,
S5,-26.099173,28.050446,314,
S5,-26.099701,28.050227,315,
S5,-26.099894,28.050264,316,
S5,-26.100124,28.050262,317,
S5,-26.100316,28.050305,318,
S5,-26.100503,28.050497,319,
S5,-26.100551,28.050655,320,
S5,-26.100591,28.050846,321,
S5,-26.100566,28.051034,322,
S5,-26.100366,28.051469,323,
S5,-26.100191,28.051893,324,
S5,-26.098864,28.055233,325,
S5,-26.098417,28.056527,326,
S5,-26.098037,28.057696,327,
S5,-26.098347,28.05784,328,
S5,-26.098894,28.058097,329,
S5,-26.099297,28.058313,330,
S5,-26.099756,28.058526,331,
S5,-26.100445,28.058864,332,
S5,-26.101059,28.059125,333,
S5,-26.102998,28.060032,334,
S5,-26.103747,28.060414,335,
S5,-26.104264,28.060677,336,
S5,-26.104548,28.060833,337,
S5,-26.104943,28.060961,338,
S5,-26.105207,28.060994,339,
S5,-26.105366,28.060962,340,
S5,-26.105568,28.060904,341,
S5,-26.105617,28.060887,342,
S5,-26.105916,28.060706,343,
S5,-26.106052,28.060632,344,
S5,-26.10628,28.060407,345,
S5,-26.106452,28.060186,346,
S5,-26.107729,28.058357,347,
S5,-26.107831,28.058363,348,
S5,-26.107934,28.058381,349,
S5,-26.108022,28.058453,350,
S5,-26.108884,28.059469,351,
S5,-26.109523,28.058529,352,
S5,-26.109912,28.058056,353,
S5,-26.110196,28.057773,354,
S5,-26.110216,28.057734,355,
S5,-26.109617,28.056819,356,
S5,-26.109374,28.056523,357,
S5,-26.109151,28.056194,358,
S5,-26.109112,28.056104,359,
S5,-26.108367,28.057164,360,
S4,-26.108366,28.057163,1,
S4,-26.10775,28.058109,2,
S4,-26.108921,28.059543,3,
S4,-26.109389,28.058711,4,
S4,-26.109758,28.058269,5,
S4,-26.110163,28.057798,6,
S4,-26.111829,28.056184,7,
S4,-26.112045,28.055923,8,
S4,-26.112225,28.055592,9,
S4,-26.112406,28.055,10,
S4,-26.112351,28.054539,11,
S4,-26.112207,28.054098,12,
S4,-26.111919,28.053686,13,
S4,-26.111442,28.053005,14,
S4,-26.110364,28.051105,15,
S4,-26.109328,28.04921,16,
S4,-26.108986,28.048548,17,
S4,-26.108725,28.048157,18,
S4,-26.108355,28.047756,19,
S4,-26.107941,28.047435,20,
S4,-26.1075,28.047275,21,
S4,-26.107113,28.047195,22,
S4,-26.106608,28.047075,23,
S4,-26.106194,28.046874,24,
S4,-26.105715,28.046526,25,
S4,-26.105426,28.046185,26,
S4,-26.105039,28.045463,27,
S4,-26.104517,28.044541,28,
S4,-26.10231,28.04051,29,
S4,-26.101127,28.038341,30,
S4,-26.100839,28.03782,31,
S4,-26.10074,28.037429,32,
S4,-26.100659,28.037068,33,
S4,-26.100596,28.036486,34,
S4,-26.100279,28.034037,35,
S4,-26.100234,28.033816,36,
S4,-26.100234,28.033535,37,
S4,-26.100251,28.033004,38,
S4,-26.100296,28.032382,39,
S4,-26.099207,28.032302,40,
S4,-26.098349,28.032268,41,
S4,-26.097773,28.032178,42,
S4,-26.097143,28.031968,43,
S4,-26.096512,28.031787,44,
S4,-26.09617,28.031627,45,
S4,-26.095639,28.031386,46,
S4,-26.09526,28.031146,47,
S4,-26.094783,28.030825,48,
S4,-26.09436,28.030514,49,
S4,-26.093874,28.030063,50,
S4,-26.093639,28.029853,51,
S4,-26.093324,28.029472,52,
S4,-26.093045,28.029151,53,
S4,-26.092697,28.028731,54,
S4,-26.092337,28.02831,55,
S4,-26.091886,28.027768,56,
S4,-26.090913,28.026626,57,
S4,-26.090355,28.026074,58,
S4,-26.090148,28.025714,59,
S4,-26.090094,28.025533,60,
S4,-26.09013,28.025272,61,
S4,-26.09022,28.025112,62,
S4,-26.091984,28.022204,63,
S4,-26.093516,28.019724,64,
S4,-26.095596,28.016996,65,
S4,-26.096749,28.015144,66,
S4,-26.098801,28.011404,67,
S4,-26.099003,28.010794,68,
S4,-26.099075,28.010563,69,
S4,-26.099408,28.009871,70,
S4,-26.099696,28.009299,71,
S4,-26.10002,28.008196,72,
S4,-26.100263,28.006993,73,
S4,-26.100595,28.005228,74,
S4,-26.100631,28.004717,75,
S4,-26.100332,28.002872,76,
S4,-26.100034,28.000937,77,
S4,-26.099203,28.001121,78,
S4,-26.098579,28.001234,79,
S4,-26.096652,28.001619,80,
S4,-26.096497,28.001656,81,
S4,-26.096765,28.003509,82,
S4,-26.097762,28.003324,83,
S4,-26.098158,28.003244,84,
S4,-26.098339,28.003251,85,
S4,-26.098418,28.003263,86,
S4,-26.0986,28.003342,87,
S4,-26.098736,28.003237,88,
S4,-26.09888,28.003167,89,
S4,-26.099125,28.003066,90,
S4,-26.099635,28.002958,91,
S4,-26.100211,28.002888,92,
S4,-26.10051,28.004291,93,
S4,-26.100586,28.004652,94,
S4,-26.100591,28.004834,95,
S4,-26.100572,28.005182,96,
S4,-26.100519,28.00545,97,
S4,-26.100227,28.006868,98,
S4,-26.100041,28.007792,99,
S4,-26.099936,28.008332,100,
S4,-26.09982,28.008787,101,
S4,-26.099705,28.00913,102,
S4,-26.099518,28.009473,103,
S4,-26.099234,28.009965,104,
S4,-26.098995,28.010458,105,
S4,-26.098894,28.010747,106,
S4,-26.098826,28.011084,107,
S4,-26.098634,28.011603,108,
S4,-26.098351,28.012075,109,
S4,-26.097783,28.013156,110,
S4,-26.09701,28.014543,111,
S4,-26.095769,28.016501,112,
S4,-26.095183,28.017331,113,
S4,-26.094817,28.017749,114,
S4,-26.093512,28.019501,115,
S4,-26.092767,28.020641,116,
S4,-26.090707,28.023988,117,
S4,-26.089851,28.02542,118,
S4,-26.089794,28.02558,119,
S4,-26.089799,28.025709,120,
S4,-26.089852,28.025848,121,
S4,-26.089972,28.025944,122,
S4,-26.09081,28.026704,123,
S4,-26.091204,28.027116,124,
S4,-26.091849,28.027908,125,
S4,-26.09258,28.028807,126,
S4,-26.093688,28.030099,127,
S4,-26.094184,28.030546,128,
S4,-26.094554,28.030851,129,
S4,-26.094896,28.03106,130,
S4,-26.095228,28.03129,131,
S4,-26.095819,28.031632,132,
S4,-26.096271,28.031846,133,
S4,-26.096607,28.031959,134,
S4,-26.096828,28.032044,135,
S4,-26.098331,28.032392,136,
S4,-26.098721,28.032488,137,
S4,-26.099158,28.032558,138,
S4,-26.099403,28.032611,139,
S4,-26.099663,28.032852,140,
S4,-26.099807,28.033007,141,
S4,-26.099937,28.033312,142,
S4,-26.100014,28.033751,143,
S4,-26.1001,28.034131,144,
S4,-26.100158,28.034425,145,
S4,-26.100314,28.035546,146,
S4,-26.100612,28.037403,147,
S4,-26.100756,28.037912,148,
S4,-26.101011,28.038399,149,
S4,-26.102946,28.041916,150,
S4,-26.104751,28.045294,151,
S4,-26.10533,28.04627,152,
S4,-26.10568,28.046645,153,
S4,-26.106166,28.046998,154,
S4,-26.106464,28.047132,155,
S4,-26.106853,28.047277,156,
S4,-26.107224,28.047336,157,
S4,-26.107583,28.047419,158,
S4,-26.107953,28.04758,159,
S4,-26.108241,28.047762,160,
S4,-26.108419,28.047949,161,
S4,-26.108588,28.048136,162,
S4,-26.108717,28.048345,163,
S4,-26.10891,28.048639,164,
S4,-26.11098,28.052536,165,
S4,-26.111023,28.052761,166,
S4,-26.111045,28.053065,167,
S4,-26.11093,28.053327,168,
S4,-26.110766,28.053611,169,
S4,-26.10943,28.055512,170,
S4,-26.109151,28.055988,171,
S4,-26.108815,28.056507,172,
S4,-26.108369,28.057162,173,
M1,-25.995092,28.13706,1,
M1,-25.994497,28.136693,2,
M1,-25.995435,28.134659,3,
M1,-25.992742,28.133237,4,
M1,-25.990481,28.132312,5,
M1,-25.988013,28.131904,6,
M1,-25.985127,28.132021,7,
M1,-25.982205,28.13281,8,
M1,-25.981849,28.132542,9,
M1,-25.981171,28.129993,10,
M1,-25.97452,28.132403,11,
M1,-25.973893,28.129903,12,
M1,-25.958271,28.135357,13,
M1,-25.956636,28.135933,14,
M1,-25.95654,28.136179,15,
M1,-25.956993,28.1378,16,
M1,-25.957234,28.137918,17,
M1,-25.960232,28.136873,18,
M1,-25.960769,28.137026,19,
M1,-25.961112,28.137124,20,
M1,-25.964602,28.135865,21,
M1,-25.981059,28.130096,22,
M1,-25.98184,28.133218,23,
M1,-25.984772,28.132381,24,
M1,-25.987259,28.132123,25,
M1,-25.988859,28.132241,26,
M1,-25.990532,28.13256,27,
M1,-25.993102,28.133557,28,
M1,-25.995269,28.134704,29,
M1,-25.995272,28.134853,30,
M1,-25.995161,28.135088,31,
M1,-25.994443,28.136715,32,
M1,-25.995069,28.137126,33,
M3,-25.994577,28.136449,1,
M3,-25.99545,28.134724,2,
M3,-25.997126,28.130945,3,
M3,-25.998949,28.133622,4,
M3,-26.011358,28.123798,5,
M3,-26.009524,28.121208,6,
M3,-26.005831,28.11713,7,
M3,-26.013647,28.111406,8,
M3,-26.009758,28.103156,9,
M3,-26.012168,28.10174,10,
M3,-26.013577,28.099477,11,
M3,-26.014034,28.097552,12,
M3,-26.014257,28.096086,13,
M3,-26.014668,28.094964,14,
M3,-26.015582,28.093589,15,
M3,-26.016618,28.092672,16,
M3,-26.018188,28.091765,17,
M3,-26.019612,28.091069,18,
M3,-26.020541,28.090229,19,
M3,-26.02063,28.090123,20,
M3,-26.020703,28.090011,21,
M3,-26.020785,28.089772,22,
M3,-26.022851,28.085801,23,
M3,-26.023488,28.084741,24,
M3,-26.024248,28.083868,25,
M3,-26.024713,28.083575,26,
M3,-26.024949,28.083427,27,
M3,-26.025071,28.08316,28,
M3,-26.026823,28.082009,29,
M3,-26.028018,28.08152,30,
M3,-26.029754,28.080954,31,
M3,-26.031839,28.080647,32,
M3,-26.033779,28.080354,33,
M3,-26.035035,28.080387,34,
M3,-26.037931,28.080685,35,
M3,-26.039398,28.080896,36,
M3,-26.040659,28.082138,37,
M3,-26.041208,28.084315,38,
M3,-26.041448,28.086137,39,
M3,-26.041957,28.08584,40,
M3,-26.041431,28.083826,41,
M3,-26.041186,28.081591,42,
M3,-26.040736,28.077704,43,
M3,-26.039914,28.072713,44,
M3,-26.039317,28.070068,45,
M3,-26.036444,28.070798,46,
M3,-26.035828,28.070608,47,
M3,-26.035115,28.069846,48,
M3,-26.034323,28.069296,49,
M3,-26.034613,28.067923,50,
M3,-26.033784,28.067729,51,
M3,-26.032781,28.067043,52,
M3,-26.03226,28.065734,53,
M3,-26.032415,28.064575,54,
M3,-26.032723,28.063631,55,
M3,-26.030988,28.062816,56,
M3,-26.030602,28.062022,57,
M3,-26.030564,28.060842,58,
M3,-26.028366,28.061786,59,
M3,-26.03361,28.07363,60,
M3,-26.034266,28.077235,61,
M3,-26.034111,28.080196,62,
M3,-26.031525,28.080568,63,
M3,-26.029401,28.080891,64,
M3,-26.028051,28.081294,65,
M3,-26.026278,28.082133,66,
M3,-26.024882,28.083075,67,
M3,-26.024588,28.083168,68,
M3,-26.024507,28.083351,69,
M3,-26.023818,28.084107,70,
M3,-26.022811,28.085557,71,
M3,-26.021553,28.087987,72,
M3,-26.020544,28.09004,73,
M3,-26.019807,28.090815,74,
M3,-26.018862,28.091323,75,
M3,-26.016946,28.092361,76,
M3,-26.015776,28.093204,77,
M3,-26.014884,28.094395,78,
M3,-26.01429,28.095669,79,
M3,-26.014007,28.09716,80,
M3,-26.013641,28.099022,81,
M3,-26.013488,28.099605,82,
M3,-26.012872,28.100635,83,
M3,-26.011755,28.101934,84,
M3,-26.009893,28.10307,85,
M3,-26.012335,28.108804,86,
M3,-26.013653,28.111675,87,
M3,-26.005669,28.117146,88,
M3,-26.007733,28.119182,89,
M3,-26.009445,28.121246,90,
M3,-26.011222,28.123848,91,
M3,-26.007983,28.126566,92,
M3,-26.004553,28.129135,93,
M3,-26.001506,28.13155,94,
M3,-25.998999,28.133498,95,
M3,-25.997112,28.130778,96,
M3,-25.996278,28.132683,97,
M3,-25.995396,28.134632,98,
M3,-25.994551,28.136419,99,
M2,-25.995098,28.136929,1,
M2,-25.994578,28.136678,2,
M2,-25.997318,28.130794,3,
M2,-25.995944,28.128524,4,
M2,-25.994917,28.128809,5,
M2,-25.994464,28.126845,6,
M2,-25.993731,28.126931,7,
M2,-25.992748,28.126931,8,
M2,-25.985515,28.128991,9,
M2,-25.984627,28.128755,10,
M2,-25.981367,28.129871,11,
M2,-25.978455,28.11837,12,
M2,-25.968636,28.120601,13,
M2,-25.969562,28.125751,14,
M2,-25.962906,28.128304,15,
M2,-25.961054,28.122425,16,
M2,-25.95708,28.12294,17,
M2,-25.952643,28.123026,18,
M2,-25.953221,28.126245,19,
M2,-25.954958,28.131008,20,
M2,-25.96962,28.126009,21,
M2,-25.968636,28.120816,22,
M2,-25.978416,28.118649,23,
M2,-25.981165,28.130085,24,
M2,-25.984589,28.128905,25,
M2,-25.985534,28.129163,26,
M2,-25.99269,28.126888,27,
M2,-25.993635,28.127038,28,
M2,-25.994329,28.126878,29,
M2,-25.994927,28.129056,30,
M2,-25.995853,28.128777,31,
M2,-25.997048,28.130815,32,
M2,-25.994864,28.135943,33,
M2,-25.994773,28.136099,34,
M2,-25.994527,28.136727,35,
M2,-25.995096,28.137,36,
RF1,-26.127989,28.22525,1,
RF1,-26.127507,28.22539,2,
RF1,-26.127411,28.224928,3,
RF1,-26.123885,28.225958,4,
RF1,-26.124347,28.227975,5,
RF1,-26.12402,28.230915,6,
RF1,-26.125205,28.231087,7,
RF1,-26.124916,28.232342,8,
RF1,-26.124839,28.232707,9,
RF1,-26.124193,28.23231,10,
RF1,-26.123596,28.232213,11,
RF1,-26.122219,28.232417,12,
RF1,-26.120205,28.23275,13,
RF1,-26.119049,28.2329,14,
RF1,-26.116689,28.233297,15,
RF1,-26.11614,28.233404,16,
RF1,-26.11588,28.233415,17,
RF1,-26.113789,28.233029,18,
RF1,-26.112691,28.232149,19,
RF1,-26.110177,28.235797,20,
RF1,-26.109734,28.235571,21,
RF1,-26.107614,28.235228,22,
RF1,-26.107258,28.234895,23,
RF1,-26.107556,28.23172,24,
RF1,-26.105639,28.231602,25,
RF1,-26.104724,28.228211,26,
RF1,-26.104599,28.227643,27,
RF1,-26.104801,28.22686,28,
RF1,-26.102595,28.226162,29,
RF1,-26.100841,28.224939,30,
RF1,-26.100851,28.225765,31,
RF1,-26.100957,28.226784,32,
RF1,-26.101236,28.228083,33,
RF1,-26.102546,28.232524,34,
RF1,-26.101323,28.232868,35,
RF1,-26.100138,28.233232,36,
RF1,-26.099213,28.233565,37,
RF1,-26.098278,28.233823,38,
RF1,-26.095985,28.234499,39,
RF1,-26.094771,28.234874,40,
RF1,-26.092642,28.235979,41,
RF1,-26.090252,28.237299,42,
RF1,-26.089096,28.237985,43,
RF1,-26.08554,28.239734,44,
RF1,-26.0829,28.241837,45,
RF1,-26.080105,28.244605,46,
RF1,-26.079007,28.246086,47,
RF1,-26.078718,28.248231,48,
RF1,-26.080105,28.248274,49,
RF1,-26.082187,28.248575,50,
RF1,-26.087024,28.249497,51,
RF1,-26.086504,28.253338,52,
RF1,-26.086003,28.254089,53,
RF1,-26.08502,28.255935,54,
RF1,-26.084499,28.257308,55,
RF1,-26.079489,28.256578,56,
RF1,-26.079238,28.256364,57,
RF1,-26.078467,28.256321,58,
RF1,-26.077157,28.255806,59,
RF1,-26.07627,28.255205,60,
RF1,-26.078082,28.252072,61,
RF1,-26.078371,28.251042,62,
RF1,-26.079065,28.24615,63,
RF1,-26.080182,28.244648,64,
RF1,-26.082958,28.241987,65,
RF1,-26.085579,28.23982,66,
RF1,-26.089086,28.238168,67,
RF1,-26.090281,28.237438,68,
RF1,-26.092671,28.236151,69,
RF1,-26.09479,28.235035,70,
RF1,-26.095985,28.234627,71,
RF1,-26.098182,28.233984,72,
RF1,-26.099203,28.233726,73,
RF1,-26.100225,28.233404,74,
RF1,-26.101304,28.233104,75,
RF1,-26.102749,28.232632,76,
RF1,-26.101284,28.227675,77,
RF1,-26.101149,28.226795,78,
RF1,-26.101053,28.225744,79,
RF1,-26.101034,28.225272,80,
RF1,-26.102479,28.226302,81,
RF1,-26.103712,28.226624,82,
RF1,-26.103597,28.227267,83,
RF1,-26.104444,28.230572,84,
RF1,-26.10483,28.231988,85,
RF1,-26.105697,28.231816,86,
RF1,-26.107393,28.231988,87,
RF1,-26.107142,28.23467,88,
RF1,-26.107585,28.235335,89,
RF1,-26.109608,28.2357,90,
RF1,-26.110437,28.236001,91,
RF1,-26.112865,28.232481,92,
RF1,-26.11377,28.23319,93,
RF1,-26.115793,28.233576,94,
RF1,-26.116641,28.233426,95,
RF1,-26.118992,28.233082,96,
RF1,-26.120244,28.232868,97,
RF1,-26.122228,28.232524,98,
RF1,-26.123596,28.232288,99,
RF1,-26.124184,28.232385,100,
RF1,-26.124906,28.232814,101,
RF1,-26.125003,28.232331,102,
RF1,-26.125301,28.231001,103,
RF1,-26.124097,28.230851,104,
RF1,-26.124434,28.227975,105,
RF1,-26.123972,28.225991,106,
RF1,-26.128287,28.224725,107,
RF1,-26.128393,28.225154,108,
RF1,-26.128037,28.22525,109,
RB5,-26.146716,28.0444544,1,
RB5,-26.14768,28.0446599,2,
RB5,-26.148318,28.0447547,3,
RB5,-26.148999,28.0448176,4,
RB5,-26.150204,28.0450543,5,
RB5,-26.15192,28.0453862,6,
RB5,-26.152905,28.0456234,7,
RB5,-26.153689,28.0458458,8,
RB5,-26.154099,28.0458766,9,
RB5,-26.155622,28.046193,10,
RB5,-26.157886,28.0466385,11,
RB5,-26.160128,28.0471664,12,
RB5,-26.162291,28.0476567,13,
RB5,-26.164816,28.0481193,14,
RB5,-26.165357,28.0478187,15,
RB5,-26.169079,28.0441857,16,
RB5,-26.170584,28.0427333,17,
RB5,-26.173083,28.0403095,18,
RB5,-26.173437,28.0399654,19,
RB5,-26.173769,28.0397555,20,
RB5,-26.174096,28.0395979,21,
RB5,-26.174536,28.0393925,22,
RB5,-26.174947,28.0392754,23,
RB5,-26.175577,28.0392213,24,
RB5,-26.175974,28.0391077,25,
RB5,-26.176365,28.0388099,26,
RB5,-26.176835,28.0381929,27,
RB5,-26.178525,28.0369816,28,
RB5,-26.178944,28.0367311,29,
RB5,-26.180079,28.0358079,30,
RB5,-26.180309,28.0355937,31,
RB5,-26.182744,28.0360521,32,
RB5,-26.182422,28.0381928,33,
RB5,-26.182145,28.0397171,34,
RB5,-26.182752,28.0401346,35,
RB5,-26.183416,28.0405971,36,
RB5,-26.183971,28.0409265,37,
RB5,-26.184488,28.0410004,38,
RB5,-26.18521,28.0410141,39,
RB5,-26.185863,28.0409671,40,
RB5,-26.186462,28.040968,41,
RB5,-26.186886,28.0409692,42,
RB5,-26.187256,28.0409855,43,
RB5,-26.188251,28.0409759,44,
RB5,-26.189292,28.0411271,45,
RB5,-26.190199,28.0412734,46,
RB5,-26.191282,28.0413754,47,
RB5,-26.192065,28.0414782,48,
RB5,-26.192346,28.0414781,49,
RB5,-26.192603,28.0412413,50,
RB5,-26.192751,28.0409302,51,
RB5,-26.192992,28.0405889,52,
RB5,-26.193369,28.0405432,53,
RB5,-26.193791,28.0406149,54,
RB5,-26.194606,28.0407657,55,
RB5,-26.19447,28.0418205,56,
RB5,-26.194464,28.0425053,57,
RB5,-26.195065,28.042672,58,
RB5,-26.195278,28.0407478,59,
RB5,-26.195659,28.0374467,60,
RB5,-26.198943,28.0378358,61,
RB5,-26.200432,28.0390096,62,
RB5,-26.201565,28.0391867,63,
RB5,-26.204302,28.0395689,64,
RB5,-26.208314,28.0401376,65,
RB5,-26.208432,28.0384823,66,
RB5,-26.200934,28.0374423,67,
RB5,-26.198921,28.0377306,68,
RB5,-26.195009,28.0372847,69,
RB5,-26.194671,28.0406046,70,
RB5,-26.19328,28.0403688,71,
RB5,-26.193003,28.0400561,72,
RB5,-26.192634,28.0396412,73,
RB5,-26.19245,28.0394047,74,
RB5,-26.192237,28.039198,75,
RB5,-26.190254,28.0389629,76,
RB5,-26.190085,28.0390218,77,
RB5,-26.189943,28.0391836,78,
RB5,-26.189835,28.0405322,79,
RB5,-26.18973,28.040928,80,
RB5,-26.189456,28.0410295,81,
RB5,-26.188466,28.0409459,82,
RB5,-26.188021,28.0409316,83,
RB5,-26.187465,28.0409753,84,
RB5,-26.187054,28.0408824,85,
RB5,-26.186576,28.0408608,86,
RB5,-26.185295,28.0409475,87,
RB5,-26.184516,28.0409149,88,
RB5,-26.183943,28.0407912,89,
RB5,-26.182284,28.0396543,90,
RB5,-26.182835,28.0360294,91,
RB5,-26.180397,28.0355618,92,
RB5,-26.179777,28.0360599,93,
RB5,-26.178757,28.036707,94,
RB5,-26.177545,28.0375413,95,
RB5,-26.176913,28.0379911,96,
RB5,-26.176512,28.0384142,97,
RB5,-26.176269,28.0387158,98,
RB5,-26.175919,28.03897,99,
RB5,-26.175255,28.0390985,100,
RB5,-26.174763,28.0391704,101,
RB5,-26.174242,28.0393645,102,
RB5,-26.173776,28.0395546,103,
RB5,-26.173193,28.0400286,104,
RB5,-26.172,28.0411789,105,
RB5,-26.170432,28.0426852,106,
RB5,-26.1676,28.04555,107,
RB5,-26.166044,28.0470501,108,
RB5,-26.165179,28.047857,109,
RB5,-26.164965,28.047922,110,
RB5,-26.16458,28.047957,111,
RB5,-26.162541,28.0475931,112,
RB5,-26.158389,28.0467124,113,
RB5,-26.155723,28.04615,114,
RB5,-26.154315,28.0459055,115,
RB5,-26.153454,28.0455867,116,
RB5,-26.151042,28.0450487,117,
RB5,-26.149303,28.0446892,118,
RB5,-26.149201,28.0393625,119,
RB5,-26.142924,28.0381574,120,
RB5,-26.142072,28.0436651,121,
RB5,-26.14262,28.0436143,122,
RB5,-26.145384,28.0441711,123,
RB5,-26.146397,28.0444053,124,
RB4,-26.145873,28.044106,1,
RB4,-26.14306,28.043667,2,
RB4,-26.143685,28.040104,3,
RB4,-26.149259,28.041265,4,
RB4,-26.149024,28.034524,5,
RB4,-26.145152,28.035994,6,
RB4,-26.141627,28.035522,7,
RB4,-26.137919,28.034438,8,
RB4,-26.135734,28.034925,9,
RB4,-26.133691,28.035422,10,
RB4,-26.131437,28.035522,11,
RB4,-26.13062,28.035086,12,
RB4,-26.130127,28.034649,13,
RB4,-26.129446,28.034058,14,
RB4,-26.127251,28.033203,15,
RB4,-26.125065,28.03439,16,
RB4,-26.122209,28.035715,17,
RB4,-26.120687,28.035758,18,
RB4,-26.119281,28.03668,19,
RB4,-26.118606,28.034899,20,
RB4,-26.116881,28.032965,21,
RB4,-26.116757,28.032131,22,
RB4,-26.122502,28.03223,23,
RB4,-26.12486,28.032305,24,
RB4,-26.125898,28.032557,25,
RB4,-26.127792,28.033578,26,
RB4,-26.128558,28.033762,27,
RB4,-26.129184,28.034016,28,
RB4,-26.130136,28.034845,29,
RB4,-26.130657,28.035265,30,
RB4,-26.131243,28.035561,31,
RB4,-26.131775,28.03565,32,
RB4,-26.133698,28.035488,33,
RB4,-26.135781,28.03491,34,
RB4,-26.137409,28.03452,35,
RB4,-26.137853,28.034495,36,
RB4,-26.138504,28.034674,37,
RB4,-26.141406,28.035614,38,
RB4,-26.145268,28.036165,39,
RB4,-26.148883,28.034834,40,
RB4,-26.148254,28.039169,41,
RB4,-26.142995,28.038182,42,
RB4,-26.142205,28.043525,43,
RB4,-26.147241,28.044536,44,
RB4,-26.147258,28.044399,45,
RB4,-26.145873,28.044106,46,
RB3,-26.145933,28.044255,1,
RB3,-26.147377,28.044544,2,
RB3,-26.147425,28.044341,3,
RB3,-26.145711,28.044019,4,
RB3,-26.145557,28.044115,5,
RB3,-26.142049,28.043525,6,
RB3,-26.13608,28.047538,7,
RB3,-26.136253,28.052709,8,
RB3,-26.131976,28.051164,9,
RB3,-26.131562,28.048947,10,
RB3,-26.128227,28.049651,11,
RB3,-26.127967,28.049641,12,
RB3,-26.127838,28.049626,13,
RB3,-26.126606,28.049216,14,
RB3,-26.120245,28.046972,15,
RB3,-26.120383,28.046698,16,
RB3,-26.12261,28.046547,17,
RB3,-26.127279,28.046278,18,
RB3,-26.127733,28.047859,19,
RB3,-26.127943,28.047967,20,
RB3,-26.128715,28.04771,21,
RB3,-26.129165,28.047552,22,
RB3,-26.129926,28.047484,23,
RB3,-26.131182,28.047165,24,
RB3,-26.131371,28.047209,25,
RB3,-26.13319,28.046787,26,
RB3,-26.135425,28.046283,27,
RB3,-26.136016,28.045994,28,
RB3,-26.136571,28.047162,29,
RB3,-26.137351,28.046669,30,
RB3,-26.141377,28.043922,31,
RB3,-26.14183,28.043729,32,
RB3,-26.142302,28.043665,33,
RB3,-26.142546,28.043643,34,
RB3,-26.143092,28.043727,35,
RB3,-26.144753,28.04407,36,
RB3,-26.145759,28.044223,37,
RB2,-26.145956,28.044276,1,
RB2,-26.145868,28.044264,2,
RB2,-26.147345,28.044626,3,
RB2,-26.148011,28.044697,4,
RB2,-26.149001,28.044804,5,
RB2,-26.149214,28.045057,6,
RB2,-26.149238,28.045347,7,
RB2,-26.148147,28.049647,8,
RB2,-26.146446,28.056498,9,
RB2,-26.146393,28.056768,10,
RB2,-26.146414,28.057089,11,
RB2,-26.146395,28.057533,12,
RB2,-26.146226,28.057814,13,
RB2,-26.145332,28.058609,14,
RB2,-26.144408,28.059623,15,
RB2,-26.143101,28.061316,16,
RB2,-26.141075,28.064169,17,
RB2,-26.138899,28.066812,18,
RB2,-26.138506,28.066988,19,
RB2,-26.136183,28.067167,20,
RB2,-26.135193,28.067343,21,
RB2,-26.135078,28.068244,22,
RB2,-26.134173,28.068608,23,
RB2,-26.133027,28.068932,24,
RB2,-26.131963,28.069454,25,
RB2,-26.131599,28.069572,26,
RB2,-26.131242,28.069512,27,
RB2,-26.130822,28.069334,28,
RB2,-26.130387,28.068958,29,
RB2,-26.131214,28.066018,30,
RB2,-26.1314,28.065891,31,
RB2,-26.131579,28.065873,32,
RB2,-26.132823,28.066481,33,
RB2,-26.133968,28.066908,34,
RB2,-26.135344,28.06719,35,
RB2,-26.136863,28.067229,36,
RB2,-26.138498,28.067089,37,
RB2,-26.138965,28.067189,38,
RB2,-26.139448,28.067354,39,
RB2,-26.141619,28.063938,40,
RB2,-26.144948,28.059678,41,
RB2,-26.145962,28.058891,42,
RB2,-26.146636,28.058696,43,
RB2,-26.14652,28.056743,44,
RB2,-26.147174,28.053761,45,
RB2,-26.149321,28.045075,46,
RB2,-26.149308,28.044798,47,
RB2,-26.144719,28.043961,48,
RB2,-26.144644,28.044075,49,
RB2,-26.146,28.044335,50,
RB1,-26.146633,28.044402,1,
RB1,-26.155525,28.046197,2,
RB1,-26.155605,28.052093,3,
RB1,-26.155823,28.066142,4,
RB1,-26.156695,28.076565,5,
RB1,-26.147369,28.077516,6,
RB1,-26.142326,28.076249,7,
RB1,-26.141271,28.079774,8,
RB1,-26.139614,28.086687,9,
RB1,-26.144691,28.086818,10,
RB1,-26.147285,28.08672,11,
RB1,-26.157321,28.085363,12,
RB1,-26.156709,28.076538,13,
RB1,-26.155862,28.066206,14,
RB1,-26.155573,28.0461,15,
RB1,-26.148735,28.044711,16,
RB1,-26.144705,28.043954,17,
RB1,-26.14469,28.044024,18,
RB1,-26.146323,28.044403,19,
gautrain_ew,-26.1323267814,28.2321346885,1,
gautrain_ew,-26.1315984662,28.2281988761,2,
gautrain_ew,-26.1305176042,28.2264205635,3,
gautrain_ew,-26.1288021434,28.2253813976,4,
gautrain_ew,-26.1260592855,28.2238728743,5,
gautrain_ew,-26.1248395164,28.2221025904,6,
gautrain_ew,-26.1234140021,28.2167176144,7,
gautrain_ew,-26.1167059885,28.2035365058,8,
gautrain_ew,-26.1104706789,28.1910584439,9,
gautrain_ew,-26.1037239204,28.1806761952,10,
gautrain_ew,-26.1016850735,28.175892522,11,
gautrain_ew,-26.1007641108,28.169778432,12,
gautrain_ew,-26.1002146774,28.1660838418,13,
gautrain_ew,-26.0952772902,28.1547351515,14,
gautrain_ew,-26.0837011643,28.1348232467,15,
gautrain_ew,-26.081549011,28.1293433475,16,
gautrain_ew,-26.0808720162,28.1226193085,17,
gautrain_ew,-26.0815628337,28.118395051,18,
gautrain_ew,-26.0837561646,28.1098464546,19,
gautrain_ew,-26.0854284775,28.1030708899,20,
gautrain_ew,-26.1079146253,28.0576114566,21,
C3,-25.851709,28.190793,1,
C3,-25.851212,28.190127,2,
C3,-25.851823,28.188955,3,
C3,-25.85057,28.188152,4,
C3,-25.853641,28.185848,5,
C3,-25.857192,28.182688,6,
C3,-25.858224,28.181612,7,
C3,-25.858868,28.180353,8,
C3,-25.859307,28.17858,9,
C3,-25.859583,28.17758,10,
C3,-25.861658,28.173832,11,
C3,-25.862263,28.17251,12,
C3,-25.862497,28.171348,13,
C3,-25.86248,28.169198,14,
C3,-25.86234,28.164091,15,
C3,-25.862276,28.160953,16,
C3,-25.862353,28.160018,17,
C3,-25.862703,28.15918,18,
C3,-25.861041,28.158082,19,
C3,-25.860484,28.157529,20,
C3,-25.860283,28.157055,21,
C3,-25.860068,28.156256,22,
C3,-25.859936,28.1553,23,
C3,-25.860246,28.153229,24,
C3,-25.86029,28.151991,25,
C3,-25.860229,28.147685,26,
C3,-25.861669,28.145648,27,
C3,-25.856655,28.141029,28,
C3,-25.855149,28.142939,29,
C3,-25.857408,28.145138,30,
C3,-25.86015,28.147595,31,
C3,-25.860222,28.148093,32,
C3,-25.860251,28.149184,33,
C3,-25.860248,28.153067,34,
C3,-25.859935,28.155151,35,
C3,-25.859924,28.155512,36,
C3,-25.859996,28.156098,37,
C3,-25.860376,28.157447,38,
C3,-25.860659,28.15782,39,
C3,-25.86223,28.158956,40,
C3,-25.862517,28.159204,41,
C3,-25.862529,28.15942,42,
C3,-25.862311,28.160025,43,
C3,-25.862245,28.160968,44,
C3,-25.862304,28.163001,45,
C3,-25.862391,28.167913,46,
C3,-25.862476,28.170997,47,
C3,-25.862385,28.171868,48,
C3,-25.861993,28.173134,49,
C3,-25.860978,28.174798,50,
C3,-25.859728,28.177083,51,
C3,-25.85934,28.178229,52,
C3,-25.858942,28.179963,53,
C3,-25.858482,28.181056,54,
C3,-25.857874,28.181976,55,
C3,-25.855816,28.183857,56,
C3,-25.853837,28.18562,57,
C3,-25.851287,28.187486,58,
C3,-25.850356,28.188305,59,
C3,-25.85044,28.188354,60,
C3,-25.851682,28.189146,61,
C3,-25.85118,28.19016,62,
C3,-25.851665,28.190822,63,
C2,-25.851709,28.190784,1,
C2,-25.851182,28.190113,2,
C2,-25.85173,28.18915,3,
C2,-25.853264,28.190185,4,
C2,-25.855516,28.192871,5,
C2,-25.856289,28.192205,6,
C2,-25.858013,28.191495,7,
C2,-25.858928,28.190821,8,
C2,-25.861523,28.188486,9,
C2,-25.863882,28.18629,10,
C2,-25.864726,28.184997,11,
C2,-25.865778,28.183269,12,
C2,-25.866617,28.182367,13,
C2,-25.868246,28.180653,14,
C2,-25.869049,28.179466,15,
C2,-25.872086,28.174461,16,
C2,-25.872856,28.172677,17,
C2,-25.873202,28.17098,18,
C2,-25.873264,28.169949,19,
C2,-25.873106,28.167572,20,
C2,-25.875004,28.165458,21,
C2,-25.876458,28.16416,22,
C2,-25.8775,28.16287,23,
C2,-25.877756,28.161541,24,
C2,-25.875524,28.161861,25,
C2,-25.872648,28.162125,26,
C2,-25.872246,28.162142,27,
C2,-25.872127,28.160659,28,
C2,-25.872278,28.157963,29,
C2,-25.872689,28.15248,30,
C2,-25.874367,28.152319,31,
C2,-25.877682,28.151624,32,
C2,-25.878454,28.151404,33,
C2,-25.878994,28.150941,34,
C2,-25.87935,28.150104,35,
C2,-25.880158,28.144716,36,
C2,-25.880732,28.141265,37,
C2,-25.882585,28.141415,38,
C2,-25.882508,28.140578,39,
C2,-25.881813,28.139591,40,
C2,-25.881292,28.138282,41,
C2,-25.881427,28.13651,42,
C2,-25.881419,28.135314,43,
C2,-25.881205,28.134455,44,
C2,-25.880477,28.133346,45,
C2,-25.879171,28.131645,46,
C2,-25.87874,28.130994,47,
C2,-25.875952,28.131121,48,
C2,-25.87567,28.131236,49,
C2,-25.875203,28.131777,50,
C2,-25.874656,28.133224,51,
C2,-25.873955,28.135258,52,
C2,-25.870839,28.135104,53,
C2,-25.870725,28.134991,54,
C2,-25.870634,28.135004,55,
C2,-25.870598,28.135108,56,
C2,-25.870637,28.135199,57,
C2,-25.870668,28.135295,58,
C2,-25.870165,28.13857,59,
C2,-25.873241,28.139205,60,
C2,-25.872095,28.142904,61,
C2,-25.871668,28.148847,62,
C2,-25.871612,28.149025,63,
C2,-25.870796,28.149811,64,
C2,-25.8705,28.15208,65,
C2,-25.872522,28.152449,66,
C2,-25.872631,28.15255,67,
C2,-25.87216,28.158474,68,
C2,-25.872179,28.162293,69,
C2,-25.877626,28.161862,70,
C2,-25.877219,28.163202,71,
C2,-25.872801,28.167294,72,
C2,-25.87314,28.169425,73,
C2,-25.873179,28.170375,74,
C2,-25.873094,28.171321,75,
C2,-25.872857,28.172524,76,
C2,-25.872023,28.174486,77,
C2,-25.869004,28.179453,78,
C2,-25.86818,28.18069,79,
C2,-25.866577,28.182327,80,
C2,-25.865514,28.183335,81,
C2,-25.863636,28.184599,82,
C2,-25.862699,28.185412,83,
C2,-25.861641,28.186348,84,
C2,-25.859329,28.188491,85,
C2,-25.857504,28.190166,86,
C2,-25.856739,28.191101,87,
C2,-25.856209,28.191932,88,
C2,-25.855395,28.192655,89,
C2,-25.853388,28.190052,90,
C2,-25.851816,28.18895,91,
C2,-25.851131,28.190135,92,
C2,-25.851671,28.190821,93,
C1,-25.851675,28.190856,1,
C1,-25.851091,28.190079,2,
C1,-25.851736,28.1891501,3,
C1,-25.853281,28.1901723,4,
C1,-25.855903,28.1936066,5,
C1,-25.857085,28.1947363,6,
C1,-25.858963,28.1968702,7,
C1,-25.859409,28.1973125,8,
C1,-25.859837,28.1973637,9,
C1,-25.860425,28.1970396,10,
C1,-25.86204,28.1953589,11,
C1,-25.862427,28.1949576,12,
C1,-25.862681,28.19482,13,
C1,-25.863177,28.1946831,14,
C1,-25.863722,28.1947389,15,
C1,-25.86489,28.1952784,16,
C1,-25.865872,28.1958107,17,
C1,-25.866215,28.1958327,18,
C1,-25.866689,28.1956515,19,
C1,-25.86747,28.1952741,20,
C1,-25.869212,28.1974508,21,
C1,-25.870177,28.198692,22,
C1,-25.870974,28.1978034,23,
C1,-25.871788,28.1964733,24,
C1,-25.873821,28.1939066,25,
C1,-25.874945,28.1926491,26,
C1,-25.874817,28.1917456,27,
C1,-25.874528,28.1896144,28,
C1,-25.874014,28.1895264,29,
C1,-25.873436,28.189369,30,
C1,-25.87291,28.1889787,31,
C1,-25.8722,28.1881078,32,
C1,-25.871892,28.1872657,33,
C1,-25.871851,28.1862732,34,
C1,-25.872303,28.1849701,35,
C1,-25.873249,28.1831421,36,
C1,-25.873924,28.1822356,37,
C1,-25.87406,28.1821185,38,
C1,-25.874826,28.1812368,39,
C1,-25.875308,28.180939,40,
C1,-25.876259,28.1807689,41,
C1,-25.876826,28.1806349,42,
C1,-25.877672,28.1792297,43,
C1,-25.87814,28.1780527,44,
C1,-25.878019,28.1766624,45,
C1,-25.878144,28.1764482,46,
C1,-25.878039,28.1763039,47,
C1,-25.877864,28.1760073,48,
C1,-25.877793,28.1751355,49,
C1,-25.878041,28.1741408,50,
C1,-25.87884,28.1730997,51,
C1,-25.880581,28.1716455,52,
C1,-25.882252,28.170459,53,
C1,-25.883605,28.1698166,54,
C1,-25.885188,28.1693492,55,
C1,-25.886066,28.1693591,56,
C1,-25.886325,28.1693897,57,
C1,-25.886507,28.1694755,58,
C1,-25.886471,28.1697098,59,
C1,-25.886284,28.1696797,60,
C1,-25.886226,28.169487,61,
C1,-25.885722,28.1693582,62,
C1,-25.884945,28.1694793,63,
C1,-25.883583,28.1699019,64,
C1,-25.882192,28.1705444,65,
C1,-25.880972,28.171412,66,
C1,-25.879363,28.1726917,67,
C1,-25.878573,28.1735059,68,
C1,-25.877988,28.1744091,69,
C1,-25.877849,28.1752056,70,
C1,-25.877803,28.1763081,71,
C1,-25.877867,28.1765799,72,
C1,-25.878067,28.1778201,73,
C1,-25.877822,28.1786401,74,
C1,-25.87709,28.1802842,75,
C1,-25.876789,28.1805732,76,
C1,-25.87586,28.1807855,77,
C1,-25.874983,28.1810329,78,
C1,-25.873958,28.182053,79,
C1,-25.873858,28.1821465,80,
C1,-25.873705,28.1823862,81,
C1,-25.873311,28.1829879,82,
C1,-25.872772,28.1838519,83,
C1,-25.872278,28.1848755,84,
C1,-25.871845,28.1861161,85,
C1,-25.871792,28.1867745,86,
C1,-25.87194,28.1876718,87,
C1,-25.872196,28.1882491,88,
C1,-25.872621,28.1887459,89,
C1,-25.873218,28.1893441,90,
C1,-25.873859,28.1896001,91,
C1,-25.874379,28.1896946,92,
C1,-25.874521,28.1910241,93,
C1,-25.874602,28.192002,94,
C1,-25.874316,28.1930195,95,
C1,-25.873788,28.1937203,96,
C1,-25.872231,28.1955269,97,
C1,-25.871049,28.1973393,98,
C1,-25.870428,28.1985396,99,
C1,-25.870258,28.1985654,100,
C1,-25.870086,28.1984745,101,
C1,-25.86928,28.1974134,102,
C1,-25.867179,28.195324,103,
C1,-25.866262,28.1957679,104,
C1,-25.865883,28.1957726,105,
C1,-25.865476,28.1955432,106,
C1,-25.863879,28.1946393,107,
C1,-25.863217,28.1945684,108,
C1,-25.862633,28.1947012,109,
C1,-25.862139,28.1950319,110,
C1,-25.860855,28.1965173,111,
C1,-25.860046,28.1972114,112,
C1,-25.859647,28.1972996,113,
C1,-25.859196,28.1970944,114,
C1,-25.858397,28.1960141,115,
C1,-25.857145,28.1947286,116,
C1,-25.85596,28.1935072,117,
C1,-25.855363,28.1926551,118,
C1,-25.853385,28.190053,119,
C1,-25.851805,28.1890011,120,
C1,-25.851014,28.1900651,121,
C1,-25.851631,28.1908661,122,
C4,-25.851558,28.18996,1,
C4,-25.851989,28.189378,2,
C4,-25.850202,28.188253,3,
C4,-25.845755,28.192356,4,
C4,-25.852871,28.201829,5,
C4,-25.863929,28.21097,6,
C4,-25.872334,28.19581,7,
C4,-25.875803,28.199047,8,
C4,-25.884012,28.206106,9,
C4,-25.885524,28.206865,10,
C4,-25.888592,28.207586,11,
C4,-25.890197,28.207877,12,
C4,-25.890627,28.209279,13,
C4,-25.89069,28.209606,14,
C4,-25.89107,28.210251,15,
C4,-25.891306,28.210767,16,
C4,-25.891498,28.210927,17,
C4,-25.891485,28.210662,18,
C4,-25.890931,28.2098,19,
C4,-25.890872,28.209418,20,
C4,-25.890632,28.209165,21,
C4,-25.89026,28.207905,22,
C4,-25.889875,28.207624,23,
C4,-25.888447,28.207514,24,
C4,-25.885649,28.206582,25,
C4,-25.885399,28.206528,26,
C4,-25.882701,28.205101,27,
C4,-25.879218,28.201877,28,
C4,-25.872295,28.195553,29,
C4,-25.868724,28.202005,30,
C4,-25.863935,28.210616,31,
C4,-25.860406,28.207912,32,
C4,-25.852929,28.2017,33,
C4,-25.845908,28.192403,34,
C4,-25.848687,28.189888,35,
C4,-25.850255,28.188416,36,
C4,-25.851792,28.189483,37,
C4,-25.851449,28.189949,38,
P2,-25.75864,28.190386,1,
P2,-25.758184,28.190052,2,
P2,-25.757918,28.190237,3,
P2,-25.757884,28.190321,4,
P2,-25.757743,28.190409,5,
P2,-25.757627,28.190455,6,
P2,-25.757154,28.190171,7,
P2,-25.756943,28.190088,8,
P2,-25.75684,28.189956,9,
P2,-25.756739,28.189773,10,
P2,-25.75688,28.186455,11,
P2,-25.7525,28.186101,12,
P2,-25.739369,28.18491,13,
P2,-25.739126,28.189925,14,
P2,-25.747754,28.190579,15,
P2,-25.755085,28.191262,16,
P2,-25.758126,28.191523,17,
P2,-25.76023,28.192034,18,
P2,-25.759378,28.190485,19,
P2,-25.759146,28.19034,20,
P2,-25.759068,28.190354,21,
P2,-25.759035,28.190437,22,
P2,-25.758949,28.190502,23,
P2,-25.758884,28.190601,24,
P2,-25.758599,28.190419,25,
P1,-25.758532,28.190308,1,
P1,-25.758178,28.190015,2,
P1,-25.757946,28.190217,3,
P1,-25.757901,28.190272,4,
P1,-25.757799,28.190395,5,
P1,-25.757642,28.190466,6,
P1,-25.756745,28.189834,7,
P1,-25.756745,28.189684,8,
P1,-25.756764,28.188998,9,
P1,-25.7523,28.188558,10,
P1,-25.752821,28.181262,11,
P1,-25.742597,28.180361,12,
P1,-25.74154,28.195,13,
P1,-25.751855,28.195853,14,
P1,-25.752242,28.190961,15,
P1,-25.758872,28.191675,16,
P1,-25.760402,28.192087,17,
P1,-25.760185,28.191077,18,
P1,-25.759205,28.19036,19,
P1,-25.759125,28.190339,20,
P1,-25.759031,28.190405,21,
P1,-25.758965,28.190513,22,
P1,-25.758895,28.190609,23,
P1,-25.758505,28.190355,24,
gautrain_sn,-25.7472732872,28.2394630228,1,
gautrain_sn,-25.7475925974,28.2384377776,2,
gautrain_sn,-25.7482199222,28.2365190864,3,
gautrain_sn,-25.7489821522,28.2344191902,4,
gautrain_sn,-25.750276302,28.2305679855,5,
gautrain_sn,-25.7506040079,28.2298194364,6,
gautrain_sn,-25.7512521346,28.2288854435,7,
gautrain_sn,-25.7520181643,28.2281166975,8,
gautrain_sn,-25.7536325387,28.2267173536,9,
gautrain_sn,-25.7558934739,28.2246160053,10,
gautrain_sn,-25.7585515241,28.22234141,11,
gautrain_sn,-25.7594202148,28.2213713975,12,
gautrain_sn,-25.7597826465,28.2207535403,13,
gautrain_sn,-25.7600488311,28.2201886588,14,
gautrain_sn,-25.7601897837,28.219644398,15,
gautrain_sn,-25.7602643065,28.218845579,16,
gautrain_sn,-25.7601718335,28.2179254237,17,
gautrain_sn,-25.7600442249,28.2169807601,18,
gautrain_sn,-25.759754374,28.2155030374,19,
gautrain_sn,-25.7597211681,28.2149069876,20,
gautrain_sn,-25.7598042594,28.2143794863,21,
gautrain_sn,-25.7602065607,28.2132633834,22,
gautrain_sn,-25.7605778463,28.2122732297,23,
gautrain_sn,-25.7606885318,28.211866739,24,
gautrain_sn,-25.7607441607,28.211381577,25,
gautrain_sn,-25.7607080377,28.2104381343,26,
gautrain_sn,-25.7597437928,28.203144721,27,
gautrain_sn,-25.7597739383,28.2021445566,28,
gautrain_sn,-25.7600519903,28.2011281244,29,
gautrain_sn,-25.7612352121,28.1995582339,30,
gautrain_sn,-25.763209935,28.1972405694,31,
gautrain_sn,-25.7638960245,28.1957976587,32,
gautrain_sn,-25.763826441,28.1945534335,33,
gautrain_sn,-25.7634813496,28.1938218012,34,
gautrain_sn,-25.7630195578,28.1932621203,35,
gautrain_sn,-25.7622164566,28.1926431232,36,
gautrain_sn,-25.7609879396,28.1915435252,37,
gautrain_sn,-25.7628957875,28.1930499229,38,
gautrain_sn,-25.7634978417,28.1933767705,39,
gautrain_sn,-25.7639027635,28.1935279251,40,
gautrain_sn,-25.7647636915,28.1935181464,41,
gautrain_sn,-25.7662229567,28.1933025871,42,
gautrain_sn,-25.7670685874,28.1931884952,43,
gautrain_sn,-25.7693423107,28.1930764891,44,
gautrain_sn,-25.770587518,28.1929605758,45,
gautrain_sn,-25.7730541939,28.1930596334,46,
gautrain_sn,-25.7738073638,28.19297685,47,
gautrain_sn,-25.7742851436,28.192883622,48,
gautrain_sn,-25.7748836973,28.1927341765,49,
gautrain_sn,-25.7769419381,28.192086191,50,
gautrain_sn,-25.7781874143,28.1916176803,51,
gautrain_sn,-25.7808704896,28.1906219421,52,
gautrain_sn,-25.7816661425,28.1903457052,53,
gautrain_sn,-25.7876787707,28.1878873318,54,
gautrain_sn,-25.7897854512,28.1859298092,55,
gautrain_sn,-25.7918546794,28.1832680144,56,
gautrain_sn,-25.7937961842,28.1814330457,57,
gautrain_sn,-25.7962174168,28.1801953017,58,
gautrain_sn,-25.7987212033,28.1795894684,59,
gautrain_sn,-25.8132714048,28.1799297803,60,
gautrain_sn,-25.8228700722,28.1804896357,61,
gautrain_sn,-25.8322122228,28.1832167705,62,
gautrain_sn,-25.8367146821,28.1838519401,63,
gautrain_sn,-25.8434633933,28.184886427,64,
gautrain_sn,-25.8457932819,28.1855975124,65,
gautrain_sn,-25.8476578331,28.1865071595,66,
gautrain_sn,-25.8512441874,28.189087394,67,
gautrain_sn,-25.8536009722,28.1908422167,68,
gautrain_sn,-25.8573874459,28.1930660131,69,
gautrain_sn,-25.8608222998,28.1936155586,70,
gautrain_sn,-25.8641891847,28.1929734309,71,
gautrain_sn,-25.8666675829,28.1915494956,72,
gautrain_sn,-25.8685521523,28.1896956193,73,
gautrain_sn,-25.870691173,28.1858772728,74,
gautrain_sn,-25.8746790048,28.1770940779,75,
gautrain_sn,-25.8761907612,28.1742836849,76,
gautrain_sn,-25.8785937712,28.1713427138,77,
gautrain_sn,-25.8813762462,28.1692140298,78,
gautrain_sn,-25.8827020577,28.1685399011,79,
gautrain_sn,-25.892820669,28.165555732,80,
gautrain_sn,-25.9043311605,28.1624260206,81,
gautrain_sn,-25.9096884371,28.1609906485,82,
gautrain_sn,-25.9153967021,28.1586282178,83,
gautrain_sn,-25.9169053375,28.1577129612,84,
gautrain_sn,-25.9214743963,28.1547422715,85,
gautrain_sn,-25.9261526984,28.1518559034,86,
gautrain_sn,-25.9294643497,28.1498011764,87,
gautrain_sn,-25.9337076066,28.1482762859,88,
gautrain_sn,-25.9408253744,28.1458046335,89,
gautrain_sn,-25.9501058574,28.1424879664,90,
gautrain_sn,-25.9568460147,28.1408087756,91,
gautrain_sn,-25.977889641,28.1350525389,92,
gautrain_sn,-25.9843687537,28.1329122295,93,
gautrain_sn,-25.9874578423,28.1326259137,94,
gautrain_sn,-25.9895457327,28.1328860597,95,
gautrain_sn,-25.9911588636,28.1332757832,96,
gautrain_sn,-25.9952885355,28.135198481,97,
gautrain_sn,-25.9988117697,28.1368557604,98,
gautrain_sn,-25.9999723135,28.1373064531,99,
gautrain_sn,-26.000788878,28.1375144688,100,
gautrain_sn,-26.0032097079,28.1376553658,101,
gautrain_sn,-26.0053431631,28.1370472305,102,
gautrain_sn,-26.008988685,28.1353958422,103,
gautrain_sn,-26.0131324467,28.1323256817,104,
gautrain_sn,-26.0162879866,28.1301355791,105,
gautrain_sn,-26.0199877884,28.1288990387,106,
gautrain_sn,-26.0239419182,28.128373432,107,
gautrain_sn,-26.0296030712,28.1265088584,108,
gautrain_sn,-26.0344671027,28.123971202,109,
gautrain_sn,-26.0406587054,28.1210326066,110,
gautrain_sn,-26.0446206633,28.1201781485,111,
gautrain_sn,-26.0493273387,28.1204453298,112,
gautrain_sn,-26.0544990328,28.1208637612,113,
gautrain_sn,-26.0588455677,28.1199227632,114,
gautrain_sn,-26.0621338932,28.118599519,115,
gautrain_sn,-26.0656799532,28.1181634392,116,
gautrain_sn,-26.0698159525,28.1187808324,117,
gautrain_sn,-26.0734740631,28.1198719166,118,
gautrain_sn,-26.0774813655,28.1202229709,119,
gautrain_sn,-26.0795716144,28.1193012371,120,
gautrain_sn,-26.0814892402,28.1172361795,121,
gautrain_sn,-26.0834721213,28.1107572885,122,
gautrain_sn,-26.0852327647,28.1036633864,123,
gautrain_sn,-26.0867594648,28.1001502017,124,
gautrain_sn,-26.0876328495,28.0984371459,125,
gautrain_sn,-26.1075856131,28.0579474356,126,
gautrain_sn,-26.1419742626,28.0434370084,127,
gautrain_sn,-26.1447829959,28.043956656,128,
gautrain_sn,-26.149003981,28.0447900641,129,
gautrain_sn,-26.198369549,28.0426429445,130,
gautrain_we,-26.1323267814,28.2321346885,1,
gautrain_we,-26.1315984662,28.2281988761,2,
gautrain_we,-26.1305176042,28.2264205635,3,
gautrain_we,-26.1288021434,28.2253813976,4,
gautrain_we,-26.1260592855,28.2238728743,5,
gautrain_we,-26.1248395164,28.2221025904,6,
gautrain_we,-26.1234140021,28.2167176144,7,
gautrain_we,-26.1167059885,28.2035365058,8,
gautrain_we,-26.1104706789,28.1910584439,9,
gautrain_we,-26.1037239204,28.1806761952,10,
gautrain_we,-26.1016850735,28.175892522,11,
gautrain_we,-26.1007641108,28.169778432,12,
gautrain_we,-26.1002146774,28.1660838418,13,
gautrain_we,-26.0952772902,28.1547351515,14,
gautrain_we,-26.0837011643,28.1348232467,15,
gautrain_we,-26.081549011,28.1293433475,16,
gautrain_we,-26.0808720162,28.1226193085,17,
gautrain_we,-26.0815628337,28.118395051,18,
gautrain_we,-26.0837561646,28.1098464546,19,
gautrain_we,-26.0854284775,28.1030708899,20,
gautrain_we,-26.1079146253,28.0576114566,21,
gautrain_ns,-25.7472732872,28.2394630228,1,
gautrain_ns,-25.7475925974,28.2384377776,2,
gautrain_ns,-25.7482199222,28.2365190864,3,
gautrain_ns,-25.7489821522,28.2344191902,4,
gautrain_ns,-25.750276302,28.2305679855,5,
gautrain_ns,-25.7506040079,28.2298194364,6,
gautrain_ns,-25.7512521346,28.2288854435,7,
gautrain_ns,-25.7520181643,28.2281166975,8,
gautrain_ns,-25.7536325387,28.2267173536,9,
gautrain_ns,-25.7558934739,28.2246160053,10,
gautrain_ns,-25.7585515241,28.22234141,11,
gautrain_ns,-25.7594202148,28.2213713975,12,
gautrain_ns,-25.7597826465,28.2207535403,13,
gautrain_ns,-25.7600488311,28.2201886588,14,
gautrain_ns,-25.7601897837,28.219644398,15,
gautrain_ns,-25.7602643065,28.218845579,16,
gautrain_ns,-25.7601718335,28.2179254237,17,
gautrain_ns,-25.7600442249,28.2169807601,18,
gautrain_ns,-25.759754374,28.2155030374,19,
gautrain_ns,-25.7597211681,28.2149069876,20,
gautrain_ns,-25.7598042594,28.2143794863,21,
gautrain_ns,-25.7602065607,28.2132633834,22,
gautrain_ns,-25.7605778463,28.2122732297,23,
gautrain_ns,-25.7606885318,28.211866739,24,
gautrain_ns,-25.7607441607,28.211381577,25,
gautrain_ns,-25.7607080377,28.2104381343,26,
gautrain_ns,-25.7597437928,28.203144721,27,
gautrain_ns,-25.7597739383,28.2021445566,28,
gautrain_ns,-25.7600519903,28.2011281244,29,
gautrain_ns,-25.7612352121,28.1995582339,30,
gautrain_ns,-25.763209935,28.1972405694,31,
gautrain_ns,-25.7638960245,28.1957976587,32,
gautrain_ns,-25.763826441,28.1945534335,33,
gautrain_ns,-25.7634813496,28.1938218012,34,
gautrain_ns,-25.7630195578,28.1932621203,35,
gautrain_ns,-25.7622164566,28.1926431232,36,
gautrain_ns,-25.7609879396,28.1915435252,37,
gautrain_ns,-25.7628957875,28.1930499229,38,
gautrain_ns,-25.7634978417,28.1933767705,39,
gautrain_ns,-25.7639027635,28.1935279251,40,
gautrain_ns,-25.7647636915,28.1935181464,41,
gautrain_ns,-25.7662229567,28.1933025871,42,
gautrain_ns,-25.7670685874,28.1931884952,43,
gautrain_ns,-25.7693423107,28.1930764891,44,
gautrain_ns,-25.770587518,28.1929605758,45,
gautrain_ns,-25.7730541939,28.1930596334,46,
gautrain_ns,-25.7738073638,28.19297685,47,
gautrain_ns,-25.7742851436,28.192883622,48,
gautrain_ns,-25.7748836973,28.1927341765,49,
gautrain_ns,-25.7769419381,28.192086191,50,
gautrain_ns,-25.7781874143,28.1916176803,51,
gautrain_ns,-25.7808704896,28.1906219421,52,
gautrain_ns,-25.7816661425,28.1903457052,53,
gautrain_ns,-25.7876787707,28.1878873318,54,
gautrain_ns,-25.7897854512,28.1859298092,55,
gautrain_ns,-25.7918546794,28.1832680144,56,
gautrain_ns,-25.7937961842,28.1814330457,57,
gautrain_ns,-25.7962174168,28.1801953017,58,
gautrain_ns,-25.7987212033,28.1795894684,59,
gautrain_ns,-25.8132714048,28.1799297803,60,
gautrain_ns,-25.8228700722,28.1804896357,61,
gautrain_ns,-25.8322122228,28.1832167705,62,
gautrain_ns,-25.8367146821,28.1838519401,63,
gautrain_ns,-25.8434633933,28.184886427,64,
gautrain_ns,-25.8457932819,28.1855975124,65,
gautrain_ns,-25.8476578331,28.1865071595,66,
gautrain_ns,-25.8512441874,28.189087394,67,
gautrain_ns,-25.8536009722,28.1908422167,68,
gautrain_ns,-25.8573874459,28.1930660131,69,
gautrain_ns,-25.8608222998,28.1936155586,70,
gautrain_ns,-25.8641891847,28.1929734309,71,
gautrain_ns,-25.8666675829,28.1915494956,72,
gautrain_ns,-25.8685521523,28.1896956193,73,
gautrain_ns,-25.870691173,28.1858772728,74,
gautrain_ns,-25.8746790048,28.1770940779,75,
gautrain_ns,-25.8761907612,28.1742836849,76,
gautrain_ns,-25.8785937712,28.1713427138,77,
gautrain_ns,-25.8813762462,28.1692140298,78,
gautrain_ns,-25.8827020577,28.1685399011,79,
gautrain_ns,-25.892820669,28.165555732,80,
gautrain_ns,-25.9043311605,28.1624260206,81,
gautrain_ns,-25.9096884371,28.1609906485,82,
gautrain_ns,-25.9153967021,28.1586282178,83,
gautrain_ns,-25.9169053375,28.1577129612,84,
gautrain_ns,-25.9214743963,28.1547422715,85,
gautrain_ns,-25.9261526984,28.1518559034,86,
gautrain_ns,-25.9294643497,28.1498011764,87,
gautrain_ns,-25.9337076066,28.1482762859,88,
gautrain_ns,-25.9408253744,28.1458046335,89,
gautrain_ns,-25.9501058574,28.1424879664,90,
gautrain_ns,-25.9568460147,28.1408087756,91,
gautrain_ns,-25.977889641,28.1350525389,92,
gautrain_ns,-25.9843687537,28.1329122295,93,
gautrain_ns,-25.9874578423,28.1326259137,94,
gautrain_ns,-25.9895457327,28.1328860597,95,
gautrain_ns,-25.9911588636,28.1332757832,96,
gautrain_ns,-25.9952885355,28.135198481,97,
gautrain_ns,-25.9988117697,28.1368557604,98,
gautrain_ns,-25.9999723135,28.1373064531,99,
gautrain_ns,-26.000788878,28.1375144688,100,
gautrain_ns,-26.0032097079,28.1376553658,101,
gautrain_ns,-26.0053431631,28.1370472305,102,
gautrain_ns,-26.008988685,28.1353958422,103,
gautrain_ns,-26.0131324467,28.1323256817,104,
gautrain_ns,-26.0162879866,28.1301355791,105,
gautrain_ns,-26.0199877884,28.1288990387,106,
gautrain_ns,-26.0239419182,28.128373432,107,
gautrain_ns,-26.0296030712,28.1265088584,108,
gautrain_ns,-26.0344671027,28.123971202,109,
gautrain_ns,-26.0406587054,28.1210326066,110,
gautrain_ns,-26.0446206633,28.1201781485,111,
gautrain_ns,-26.0493273387,28.1204453298,112,
gautrain_ns,-26.0544990328,28.1208637612,113,
gautrain_ns,-26.0588455677,28.1199227632,114,
gautrain_ns,-26.0621338932,28.118599519,115,
gautrain_ns,-26.0656799532,28.1181634392,116,
gautrain_ns,-26.0698159525,28.1187808324,117,
gautrain_ns,-26.0734740631,28.1198719166,118,
gautrain_ns,-26.0774813655,28.1202229709,119,
gautrain_ns,-26.0795716144,28.1193012371,120,
gautrain_ns,-26.0814892402,28.1172361795,121,
gautrain_ns,-26.0834721213,28.1107572885,122,
gautrain_ns,-26.0852327647,28.1036633864,123,
gautrain_ns,-26.0867594648,28.1001502017,124,
gautrain_ns,-26.0876328495,28.0984371459,125,
gautrain_ns,-26.1075856131,28.0579474356,126,
gautrain_ns,-26.1419742626,28.0434370084,127,
gautrain_ns,-26.1447829959,28.043956656,128,
gautrain_ns,-26.149003981,28.0447900641,129,
gautrain_ns,-26.198369549,28.0426429445,130,
H2,-25.747975,28.235816,1,
H2,-25.747576,28.23575,2,
H2,-25.747474,28.237356,3,
H2,-25.748946,28.237503,4,
H2,-25.748782,28.23997,5,
H2,-25.754091,28.240335,6,
H2,-25.754876,28.239948,7,
H2,-25.755578,28.23956,8,
H2,-25.758371,28.238748,9,
H2,-25.75972,28.244406,10,
H2,-25.760845,28.248144,11,
H2,-25.76145,28.250268,12,
H2,-25.761703,28.252783,13,
H2,-25.76235,28.255613,14,
H2,-25.762728,28.258066,15,
H2,-25.762727,28.260826,16,
H2,-25.762585,28.263185,17,
H2,-25.762869,28.264451,18,
H2,-25.763918,28.266358,19,
H2,-25.764487,28.267402,20,
H2,-25.765527,28.271231,21,
H2,-25.766099,28.275272,22,
H2,-25.76614,28.27576,23,
H2,-25.766697,28.27956,24,
H2,-25.762967,28.279839,25,
H2,-25.762658,28.277307,26,
H2,-25.762668,28.275987,27,
H2,-25.763479,28.276083,28,
H2,-25.76433,28.276545,29,
H2,-25.765064,28.276534,30,
H2,-25.766204,28.275837,31,
H2,-25.765619,28.271106,32,
H2,-25.764557,28.267249,33,
H2,-25.763424,28.26533,34,
H2,-25.762899,28.264169,35,
H2,-25.762712,28.26309,36,
H2,-25.762844,28.260381,37,
H2,-25.762862,28.258475,38,
H2,-25.762418,28.25557,39,
H2,-25.76177,28.252882,40,
H2,-25.761537,28.250291,41,
H2,-25.759914,28.244584,42,
H2,-25.75844,28.238622,43,
H2,-25.755203,28.239598,44,
H2,-25.754307,28.240166,45,
H2,-25.753833,28.240303,46,
H2,-25.750647,28.24003,47,
H2,-25.750492,28.239916,48,
H2,-25.750346,28.239711,49,
H2,-25.750292,28.239544,50,
H2,-25.750435,28.237552,51,
H2,-25.747563,28.237258,52,
H2,-25.747619,28.236387,53,
H2,-25.747975,28.235816,54,
H3,-25.748014,28.235893,1,
H3,-25.74756,28.236462,2,
H3,-25.747473,28.237315,3,
H3,-25.74605,28.237225,4,
H3,-25.745844,28.23967,5,
H3,-25.743042,28.239477,6,
H3,-25.745245,28.205917,7,
H3,-25.748821,28.206207,8,
H3,-25.75029,28.219285,9,
H3,-25.749362,28.231269,10,
H3,-25.748821,28.232578,11,
H3,-25.747854,28.232471,12,
H3,-25.747608,28.235765,13,
H3,-25.748038,28.235818,14,
H1,-25.747992,28.235755,1,
H1,-25.747608,28.235748,2,
H1,-25.747666,28.234906,3,
H1,-25.750589,28.235164,4,
H1,-25.750918,28.23128,5,
H1,-25.751217,28.229949,6,
H1,-25.751295,28.229134,7,
H1,-25.752106,28.228201,8,
H1,-25.755343,28.225325,9,
H1,-25.756162,28.225188,10,
H1,-25.756573,28.224883,11,
H1,-25.756735,28.224377,12,
H1,-25.756942,28.223914,13,
H1,-25.758675,28.222288,14,
H1,-25.760827,28.21971,15,
H1,-25.761479,28.220506,16,
H1,-25.763093,28.22157,17,
H1,-25.764281,28.224853,18,
H1,-25.764494,28.226216,19,
H1,-25.765362,28.229752,20,
H1,-25.766227,28.232867,21,
H1,-25.769704,28.234787,22,
H1,-25.769808,28.235,23,
H1,-25.769829,28.235259,24,
H1,-25.769955,28.235468,25,
H1,-25.770167,28.235456,26,
H1,-25.770263,28.235274,27,
H1,-25.770215,28.235084,28,
H1,-25.773731,28.224499,29,
H1,-25.777112,28.226001,30,
H1,-25.775508,28.238683,31,
H1,-25.773839,28.239194,32,
H1,-25.77337,28.237177,33,
H1,-25.772968,28.236627,34,
H1,-25.771559,28.235821,35,
H1,-25.769966,28.234914,36,
H1,-25.766257,28.232813,37,
H1,-25.765335,28.229553,38,
H1,-25.764774,28.227836,39,
H1,-25.764552,28.226956,40,
H1,-25.764436,28.225358,41,
H1,-25.764194,28.224542,42,
H1,-25.763267,28.221828,43,
H1,-25.761347,28.220315,44,
H1,-25.760871,28.219703,45,
H1,-25.759886,28.220856,46,
H1,-25.757763,28.223104,47,
H1,-25.7567,28.224371,48,
H1,-25.75639,28.224989,49,
H1,-25.75544,28.225232,50,
H1,-25.752454,28.227836,51,
H1,-25.75105,28.229413,52,
H1,-25.75115,28.229756,53,
H1,-25.750947,28.230754,54,
H1,-25.750717,28.232703,55,
H1,-25.747783,28.232482,56,
H1,-25.74754,28.235822,57,
H1,-25.74751,28.236633,58,
H1,-25.747992,28.235755,59,
H4,-25.747987,28.235806,1,
H4,-25.747609,28.235788,2,
H4,-25.747509,28.237325,3,
H4,-25.746052,28.237233,4,
H4,-25.745864,28.239713,5,
H4,-25.742707,28.239547,6,
H4,-25.74157,28.240814,7,
H4,-25.741365,28.241219,8,
H4,-25.741292,28.241777,9,
H4,-25.741345,28.242348,10,
H4,-25.741253,28.242935,11,
H4,-25.740963,28.243529,12,
H4,-25.739588,28.244887,13,
H4,-25.737099,28.246233,14,
H4,-25.734303,28.246631,15,
H4,-25.733246,28.246333,16,
H4,-25.731938,28.245959,17,
H4,-25.727878,28.245775,18,
H4,-25.726832,28.24531,19,
H4,-25.726588,28.245096,20,
H4,-25.724176,28.242652,21,
H4,-25.723596,28.242352,22,
H4,-25.717538,28.242276,23,
H4,-25.714966,28.242609,24,
H4,-25.711485,28.242572,25,
H4,-25.707995,28.242534,26,
H4,-25.706851,28.242849,27,
H4,-25.70398,28.242795,28,
H4,-25.697524,28.242746,29,
H4,-25.697537,28.240485,30,
H4,-25.701035,28.24055,31,
H4,-25.70103,28.242789,32,
H4,-25.706835,28.242888,33,
H4,-25.707976,28.242577,34,
H4,-25.714974,28.242674,35,
H4,-25.718087,28.242331,36,
H4,-25.723905,28.242352,37,
H4,-25.726641,28.245168,38,
H4,-25.727897,28.245828,39,
H4,-25.730251,28.245936,40,
H4,-25.732493,28.246116,41,
H4,-25.733441,28.246507,42,
H4,-25.734365,28.246687,43,
H4,-25.735429,28.246581,44,
H4,-25.737416,28.246185,45,
H4,-25.73959,28.244954,46,
H4,-25.742617,28.241923,47,
H4,-25.744234,28.241999,48,
H4,-25.745127,28.241841,49,
H4,-25.746246,28.24085,50,
H4,-25.747507,28.240019,51,
H4,-25.750245,28.240164,52,
H4,-25.750447,28.237651,53,
H4,-25.747577,28.237355,54,
H4,-25.747617,28.236503,55,
H4,-25.747987,28.235806,56,
H5,-25.747984,28.235818,1,
H5,-25.747602,28.235783,2,
H5,-25.747469,28.237386,3,
H5,-25.748958,28.237526,4,
H5,-25.748821,28.239949,5,
H5,-25.753619,28.240417,6,
H5,-25.754206,28.240343,7,
H5,-25.754798,28.240001,8,
H5,-25.755682,28.239613,9,
H5,-25.75579,28.239719,10,
H5,-25.756449,28.242076,11,
H5,-25.756886,28.242502,12,
H5,-25.757534,28.242985,13,
H5,-25.761713,28.245777,14,
H5,-25.767124,28.249375,15,
H5,-25.77433,28.254173,16,
H5,-25.774693,28.254355,17,
H5,-25.775346,28.254525,18,
H5,-25.776519,28.255197,19,
H5,-25.778918,28.256646,20,
H5,-25.782986,28.259327,21,
H5,-25.782972,28.259682,22,
H5,-25.782769,28.261404,23,
H5,-25.782897,28.262092,24,
H5,-25.783603,28.264042,25,
H5,-25.784316,28.266076,26,
H5,-25.784679,28.268036,27,
H5,-25.784699,28.271244,28,
H5,-25.784992,28.272292,29,
H5,-25.785751,28.273072,30,
H5,-25.786582,28.273587,31,
H5,-25.787829,28.274612,32,
H5,-25.789249,28.276967,33,
H5,-25.790419,28.278797,34,
H5,-25.792515,28.281221,35,
H5,-25.792425,28.281453,36,
H5,-25.79112,28.28191,37,
H5,-25.788097,28.283299,38,
H5,-25.783723,28.285404,39,
H5,-25.783544,28.285339,40,
H5,-25.783437,28.285198,41,
H5,-25.782999,28.281823,42,
H5,-25.781908,28.278277,43,
H5,-25.781874,28.277986,44,
H5,-25.781979,28.277798,45,
H5,-25.782223,28.27769,46,
H5,-25.784652,28.277259,47,
H5,-25.78621,28.276626,48,
H5,-25.788321,28.274991,49,
H5,-25.786261,28.273184,50,
H5,-25.785401,28.272615,51,
H5,-25.785081,28.272166,52,
H5,-25.784842,28.271605,53,
H5,-25.784755,28.270363,54,
H5,-25.78456,28.266924,55,
H5,-25.783778,28.264404,56,
H5,-25.783019,28.262305,57,
H5,-25.782844,28.261634,58,
H5,-25.783025,28.259196,59,
H5,-25.780714,28.257744,60,
H5,-25.775364,28.254468,61,
H5,-25.774603,28.254243,62,
H5,-25.773707,28.253659,63,
H5,-25.767066,28.249255,64,
H5,-25.759841,28.244427,65,
H5,-25.756988,28.242493,66,
H5,-25.756375,28.241864,67,
H5,-25.755779,28.23937,68,
H5,-25.754485,28.240105,69,
H5,-25.753596,28.240337,70,
H5,-25.750491,28.239934,71,
H5,-25.750338,28.239748,72,
H5,-25.750287,28.239548,73,
H5,-25.750434,28.2376,74,
H5,-25.747545,28.237279,75,
H5,-25.74763,28.236498,76,
H5,-25.747984,28.235818,77,
